"date","hospitalized_with_symptoms","intensive_care","total_hospitalized","home_confinement","cumulative_positive_cases","daily_positive_cases","recovered","death","positive_clinical_activity","positive_surveys_tests","cumulative_cases","total_tests","total_people_tested"
2020-02-24,101,26,127,94,221,0,1,7,NA,NA,229,4324,NA
2020-02-25,114,35,150,162,311,90,1,10,NA,NA,322,8623,NA
2020-02-26,128,36,164,221,385,74,3,12,NA,NA,400,9587,NA
2020-02-27,248,56,304,284,588,203,45,17,NA,NA,650,12014,NA
2020-02-28,345,64,409,412,821,233,46,21,NA,NA,888,15695,NA
2020-02-29,401,105,506,543,1049,228,50,29,NA,NA,1128,18661,NA
2020-03-01,639,140,779,798,1577,528,83,34,NA,NA,1694,21127,NA
2020-03-02,742,166,908,927,1835,258,149,52,NA,NA,2036,23345,NA
2020-03-03,1034,229,1263,1000,2263,428,160,79,NA,NA,2502,25856,NA
2020-03-04,1346,295,1641,1065,2706,443,276,107,NA,NA,3089,29837,NA
2020-03-05,1790,351,2141,1155,3296,590,414,148,NA,NA,3858,32362,NA
2020-03-06,2394,462,2856,1060,3916,620,523,197,NA,NA,4636,36359,NA
2020-03-07,2651,567,3218,1843,5061,1145,589,233,NA,NA,5883,42062,NA
2020-03-08,3557,650,4207,2180,6387,1326,622,366,NA,NA,7375,49937,NA
2020-03-09,4316,733,5049,2936,7985,1598,724,463,NA,NA,9172,53826,NA
2020-03-10,5038,877,5915,2599,8514,529,1004,631,NA,NA,10149,60761,NA
2020-03-11,5838,1028,6866,3724,10590,2076,1045,827,NA,NA,12462,73154,NA
2020-03-12,6650,1153,7803,5036,12839,2249,1258,1016,NA,NA,15113,86011,NA
2020-03-13,7426,1328,8754,6201,14955,2116,1439,1266,NA,NA,17660,97488,NA
2020-03-14,8372,1518,9890,7860,17750,2795,1966,1441,NA,NA,21157,109170,NA
2020-03-15,9663,1672,11335,9268,20603,2853,2335,1809,NA,NA,24747,124899,NA
2020-03-16,11025,1851,12876,10197,23073,2470,2749,2158,NA,NA,27980,137962,NA
2020-03-17,12894,2060,14954,11108,26062,2989,2941,2503,NA,NA,31506,148657,NA
2020-03-18,14363,2257,16620,12090,28710,2648,4025,2978,NA,NA,35713,165541,NA
2020-03-19,15757,2498,18255,14935,33190,4480,4440,3405,NA,NA,41035,182777,NA
2020-03-20,16020,2655,18675,19185,37860,4670,5129,4032,NA,NA,47021,206886,NA
2020-03-21,17708,2857,20565,22116,42681,4821,6072,4825,NA,NA,53578,233222,NA
2020-03-22,19846,3009,22855,23783,46638,3957,7024,5476,NA,NA,59138,258402,NA
2020-03-23,20692,3204,23896,26522,50418,3780,7432,6077,NA,NA,63927,275468,NA
2020-03-24,21937,3396,25333,28697,54030,3612,8326,6820,NA,NA,69176,296964,NA
2020-03-25,23112,3489,26601,30920,57521,3491,9362,7503,NA,NA,74386,324445,NA
2020-03-26,24753,3612,28365,33648,62013,4492,10361,8165,NA,NA,80539,361060,NA
2020-03-27,26029,3732,29761,36653,66414,4401,10950,9134,NA,NA,86498,394079,NA
2020-03-28,26676,3856,30532,39533,70065,3651,12384,10023,NA,NA,92472,429526,NA
2020-03-29,27386,3906,31292,42588,73880,3815,13030,10779,NA,NA,97689,454030,NA
2020-03-30,27795,3981,31776,43752,75528,1648,14620,11591,NA,NA,101739,477359,NA
2020-03-31,28192,4023,32215,45420,77635,2107,15729,12428,NA,NA,105792,506968,NA
2020-04-01,28403,4035,32438,48134,80572,2937,16847,13155,NA,NA,110574,541423,NA
2020-04-02,28540,4053,32593,50456,83049,2477,18278,13915,NA,NA,115242,581232,NA
2020-04-03,28741,4068,32809,52579,85388,2339,19758,14681,NA,NA,119827,619849,NA
2020-04-04,29010,3994,33004,55270,88274,2886,20996,15362,NA,NA,124632,657224,NA
2020-04-05,28949,3977,32926,58320,91246,2972,21815,15887,NA,NA,128948,691461,NA
2020-04-06,28976,3898,32874,60313,93187,1941,22837,16523,NA,NA,132547,721732,NA
2020-04-07,28718,3792,32510,61557,94067,880,24392,17127,NA,NA,135586,755445,NA
2020-04-08,28485,3693,32178,63084,95262,1195,26491,17669,NA,NA,139422,807125,NA
2020-04-09,28399,3605,32004,64873,96877,1615,28470,18279,NA,NA,143626,853369,NA
2020-04-10,28242,3497,31739,66534,98273,1396,30455,18849,NA,NA,147577,906864,NA
2020-04-11,28144,3381,31525,68744,100269,1996,32534,19468,NA,NA,152271,963473,NA
2020-04-12,27847,3343,31190,71063,102253,1984,34211,19899,NA,NA,156363,1010193,NA
2020-04-13,28023,3260,31283,72333,103616,1363,35435,20465,NA,NA,159516,1046910,NA
2020-04-14,28011,3186,31197,73094,104291,675,37130,21067,NA,NA,162488,1073689,NA
2020-04-15,27643,3079,30722,74696,105418,1127,38092,21645,NA,NA,165155,1117404,NA
2020-04-16,26893,2936,29829,76778,106607,1189,40164,22170,NA,NA,168941,1178403,NA
2020-04-17,25786,2812,28598,78364,106962,355,42727,22745,NA,NA,172434,1244108,NA
2020-04-18,25007,2733,27740,80031,107771,809,44927,23227,NA,NA,175925,1305833,NA
2020-04-19,25033,2635,27668,80589,108257,486,47055,23660,NA,NA,178972,1356541,935310
2020-04-20,24906,2573,27479,80758,108237,-20,48877,24114,NA,NA,181228,1398024,943151
2020-04-21,24134,2471,26605,81104,107709,-528,51600,24648,NA,NA,183957,1450150,971246
2020-04-22,23805,2384,26189,81510,107699,-10,54543,25085,NA,NA,187327,1513251,1015494
2020-04-23,22871,2267,25138,81710,106848,-851,57576,25549,NA,NA,189973,1579909,1052577
2020-04-24,22068,2173,24241,82286,106527,-321,60498,25969,NA,NA,192994,1642356,1147850
2020-04-25,21533,2102,23635,82212,105847,-680,63120,26384,NA,NA,195351,1707743,1186526
2020-04-26,21372,2009,23381,82722,106103,256,64928,26644,NA,NA,197675,1757659,1210639
2020-04-27,20353,1956,22309,83504,105813,-290,66624,26977,NA,NA,199414,1789662,1237317
2020-04-28,19723,1863,21586,83619,105205,-608,68941,27359,NA,NA,201505,1846934,1274871
2020-04-29,19210,1795,21005,83652,104657,-548,71252,27682,NA,NA,203591,1910761,1313460
2020-04-30,18149,1694,19843,81708,101551,-3106,75945,27967,NA,NA,205463,1979217,1354901
2020-05-01,17569,1578,19147,81796,100943,-608,78249,28236,NA,NA,207428,2053425,1398633
2020-05-02,17357,1539,18896,81808,100704,-239,79914,28710,NA,NA,209328,2108837,1429864
2020-05-03,17242,1501,18743,81436,100179,-525,81654,28884,NA,NA,210717,2153772,1456911
2020-05-04,16823,1479,18302,81678,99980,-199,82879,29079,NA,NA,211938,2191403,1479910
2020-05-05,16270,1427,17697,80770,98467,-1513,85231,29315,NA,NA,213013,2246666,1512121
2020-05-06,15769,1333,17102,74426,91528,-6939,93245,29684,NA,NA,214457,2310929,1549892
2020-05-07,15174,1311,16485,73139,89624,-1904,96276,29958,NA,NA,215858,2381288,1563557
2020-05-08,14636,1168,15804,72157,87961,-1663,99023,30201,NA,NA,217185,2445063,1608985
2020-05-09,13834,1034,14868,69974,84842,-3119,103031,30395,NA,NA,218268,2514234,1645076
2020-05-10,13618,1027,14645,68679,83324,-1518,105186,30560,NA,NA,219070,2565912,1676460
2020-05-11,13539,999,14538,67950,82488,-836,106587,30739,NA,NA,219814,2606652,1702283
2020-05-12,12865,952,13817,67449,81266,-1222,109039,30911,NA,NA,221216,2673655,1741903
2020-05-13,12172,893,13065,65392,78457,-2809,112541,31106,NA,NA,222104,2735628,1778952
2020-05-14,11453,855,12308,64132,76440,-2017,115288,31368,NA,NA,223096,2807504,1820083
2020-05-15,10792,808,11600,60470,72070,-4370,120205,31610,NA,NA,223885,2875680,1859110
2020-05-16,10400,775,11175,59012,70187,-1883,122810,31763,NA,NA,224760,2944859,1899767
2020-05-17,10311,762,11073,57278,68351,-1836,125176,31908,NA,NA,225435,3004960,1933272
2020-05-18,10207,749,10956,55597,66553,-1798,127326,32007,NA,NA,225886,3041366,1959373
2020-05-19,9991,716,10707,54422,65129,-1424,129401,32169,NA,NA,226699,3104524,1999599
2020-05-20,9624,676,10300,52452,62752,-2377,132282,32330,NA,NA,227364,3171719,2038216
2020-05-21,9269,640,9909,51051,60960,-1792,134560,32486,NA,NA,228006,3243398,2078860
2020-05-22,8957,595,9552,49770,59322,-1638,136720,32616,NA,NA,228658,3318778,2121847
2020-05-23,8695,572,9267,48485,57752,-1570,138840,32735,NA,NA,229327,3391188,2164426
2020-05-24,8613,553,9166,47428,56594,-1158,140479,32785,NA,NA,229858,3447012,2198632
2020-05-25,8185,541,8726,46574,55300,-1294,141981,32877,NA,NA,230158,3482253,2219308
2020-05-26,7917,521,8438,44504,52942,-2358,144658,32955,NA,NA,230555,3539927,2253252
2020-05-27,7729,505,8234,42732,50966,-1976,147101,33072,NA,NA,231139,3607251,2290551
2020-05-28,7379,489,7868,40118,47986,-2980,150604,33142,NA,NA,231732,3683144,2330389
2020-05-29,7094,475,7569,38606,46175,-1811,152844,33229,NA,NA,232248,3755279,2368622
2020-05-30,6680,450,7130,36561,43691,-2484,155633,33340,NA,NA,232664,3824621,2404673
2020-05-31,6387,435,6822,35275,42097,-1594,157507,33415,NA,NA,233019,3878739,2433621
2020-06-01,6099,424,6523,34844,41367,-730,158355,33475,NA,NA,233197,3910133,2451674
2020-06-02,5916,408,6324,33569,39893,-1474,160092,33530,NA,NA,233515,3962292,2477302
2020-06-03,5742,353,6095,33202,39297,-596,160938,33601,NA,NA,233836,3999591,2497337
2020-06-04,5503,338,5841,32588,38429,-868,161895,33689,NA,NA,234013,4049544,2524788
2020-06-05,5301,316,5617,31359,36976,-1453,163781,33774,NA,NA,234531,4114572,2565258
2020-06-06,5002,293,5295,30582,35877,-1099,165078,33846,NA,NA,234801,4187057,2599294
2020-06-07,4864,287,5151,30111,35262,-615,165837,33899,NA,NA,234998,4236535,2627188
2020-06-08,4729,283,5012,29718,34730,-532,166584,33964,NA,NA,235278,4263647,2643489
2020-06-09,4581,263,4844,28028,32872,-1858,168646,34043,NA,NA,235561,4318650,2675689
2020-06-10,4320,249,4569,27141,31710,-1162,169939,34114,NA,NA,235763,4381349,2713554
2020-06-11,4131,236,4367,26270,30637,-1073,171338,34167,NA,NA,236142,4443821,2746545
2020-06-12,3893,227,4120,24877,28997,-1640,173085,34223,NA,NA,236305,4514441,2784196
2020-06-13,3747,220,3967,23518,27485,-1512,174865,34301,NA,NA,236651,4564191,2817076
2020-06-14,3594,209,3803,22471,26274,-1211,176370,34345,NA,NA,236989,4620718,2846621
2020-06-15,3489,207,3696,22213,25909,-365,177010,34371,NA,NA,237290,4648825,2864084
2020-06-16,3301,177,3478,21091,24569,-1340,178526,34405,NA,NA,237500,4695707,2891846
2020-06-17,3113,163,3276,20649,23925,-644,179455,34448,NA,NA,237828,4773408,2925803
2020-06-18,2867,168,3035,20066,23101,-824,180544,34514,NA,NA,238159,4831562,2958724
2020-06-19,2632,161,2793,18750,21543,-1558,181907,34561,NA,NA,238011,4889103,2987294
2020-06-20,2474,152,2626,18586,21212,-331,182453,34610,NA,NA,238275,4943825,3017169
2020-06-21,2314,148,2462,18510,20972,-240,182893,34634,NA,NA,238499,4984370,3041750
2020-06-22,2038,127,2165,18472,20637,-335,183426,34657,NA,NA,238720,5013342,3057902
2020-06-23,1853,115,1968,17605,19573,-1064,184585,34675,NA,NA,238833,5053827,3081127
2020-06-24,1610,107,1717,16938,18655,-918,186111,34644,NA,NA,239410,5107093,3111364
2020-06-25,1515,103,1618,16685,18303,-352,186725,34678,223905,15801,239706,5163154,3140785
2020-06-26,1356,105,1461,16177,17638,-665,187615,34708,223440,16521,239961,5215922,3169116
2020-06-27,1260,97,1357,15479,16836,-802,188584,34716,223262,16874,240136,5277273,3198837
2020-06-28,1160,98,1258,15423,16681,-155,188891,34738,223272,17038,240310,5314619,3220020
2020-06-29,1120,96,1216,15280,16496,-185,189196,34744,223254,17182,240436,5341837,3235504
2020-06-30,1090,93,1183,14380,15563,-933,190248,34767,222901,17677,240578,5390110,3263975
2020-07-01,1025,87,1112,14143,15255,-308,190717,34788,222564,18196,240760,5445476,3293300
2020-07-02,963,82,1045,14015,15060,-195,191083,34818,222464,18497,240961,5498719,3322447
2020-07-03,956,79,1035,13849,14884,-176,191467,34833,222430,18754,241184,5548815,3348127
2020-07-04,940,71,1011,13610,14621,-263,191944,34854,222324,19095,241419,5600826,3377073
2020-07-05,945,74,1019,13623,14642,21,192108,34861,222368,19243,241611,5638288,3398239
2020-07-06,946,72,1018,13691,14709,67,192241,34869,222410,19409,241819,5660454,3412010
2020-07-07,940,70,1010,13232,14242,-467,192815,34899,222292,19664,241956,5703673,3434500
2020-07-08,899,71,970,12625,13595,-647,193640,34914,222145,20004,242149,5754116,3463179
2020-07-09,871,69,940,12519,13459,-136,193978,34926,222106,20257,242363,5806668,3493126
2020-07-10,844,65,909,12519,13428,-31,194273,34938,222079,20560,242639,5854621,3520377
2020-07-11,826,67,893,12410,13303,-125,194579,34945,221994,20833,242827,5900552,3545826
2020-07-12,776,68,844,12335,13179,-124,194928,34954,222036,21025,243061,5938811,3568887
2020-07-13,768,65,833,12324,13157,-22,195106,34967,222074,21156,243230,5962744,3582893
2020-07-14,777,60,837,12082,12919,-238,195441,34984,222053,21291,243344,6004611,3607115
2020-07-15,797,57,854,11639,12493,-426,196016,34997,222075,21431,243506,6053060,3635507
2020-07-16,750,53,803,11670,12473,-20,196246,35017,222079,21657,243736,6103492,3663596
2020-07-17,771,50,821,11635,12456,-17,196483,35028,222072,21895,243967,6154259,3692257
2020-07-18,757,50,807,11561,12368,-88,196806,35042,222138,22078,244216,6202524,3719826
2020-07-19,743,49,792,11648,12440,72,196949,35045,222180,22254,244434,6238049,3740447
2020-07-20,745,47,792,11612,12404,-36,197162,35058,222212,22412,244624,6262302,3754568
2020-07-21,732,49,781,11467,12248,-156,197431,35073,222232,22520,244752,6305412,3778483
2020-07-22,724,48,772,11550,12322,74,197628,35082,222220,22812,245032,6354730,3807771
2020-07-23,713,49,762,11642,12404,82,197842,35092,222279,23059,245338,6415041,3840789
2020-07-24,713,46,759,11542,12301,-103,198192,35097,222294,23296,245590,6468375,3869759
2020-07-25,731,41,772,11670,12442,141,198320,35102,222348,23516,245864,6520046,3897818
2020-07-26,735,44,779,11786,12565,123,198446,35107,222382,23736,246118,6560572,3922995
